#NAME=latitude,longitude,absolute-altitude,heading
OSRF0=37.4003371,-122.0800351,0,353
PRINCETON=41.365076, -89.478652, 212.141, 0
